%YAML:1.0
cameraMatrixL: !!opencv-matrix
   rows: 3
   cols: 3
   dt: d
   data: [2081.036732, 0.000000, 615.084867, 0.000000, 2064.211283, 328.818011, 0.000000, 0.000000, 1.000000]
distCoeffsL: !!opencv-matrix
   rows: 1
   cols: 5
   dt: d
   data: [-0.392132, -0.040553, 0.001144, -0.000523, 0.000000]
cameraMatrixR: !!opencv-matrix
   rows: 3
   cols: 3
   dt: d
   data: [2065.721929, 0.000000, 675.364251, 0.000000, 2048.947972, 333.316494, 0.000000, 0.000000, 1.000000]
distCoeffsR: !!opencv-matrix
   rows: 1
   cols: 5
   dt: d
   data: [-0.434026, 0.421412, 0.002754, 0.000950, 0.000000]
R: !!opencv-matrix
   rows: 3
   cols: 3
   dt: d
   data: [0.999960, 0.000478, -0.008959, -0.000485, 1.000000, -0.000710, 0.008958, 0.000714, 0.999960]
T: !!opencv-matrix
   rows: 3
   cols: 1
   dt: d
   data: [-64.884127, -0.292868, -4.686071]
