%YAML:1.0
cameraMatrixL: !!opencv-matrix
   rows: 3
   cols: 3
   dt: d
   data: [2087.421946, 0.000000, 560.156500, 0.000000, 2079.878431, 315.016054, 0.000000, 0.000000, 1.000000]
distCoeffsL: !!opencv-matrix
   rows: 1
   cols: 5
   dt: d
   data: [-0.381475, 0.167271, -0.002964, 0.000958, 0.000000]
cameraMatrixR: !!opencv-matrix
   rows: 3
   cols: 3
   dt: d
   data: [2086.853980, 0.000000, 634.716601, 0.000000, 2074.106567, 332.749470, 0.000000, 0.000000, 1.000000]
distCoeffsR: !!opencv-matrix
   rows: 1
   cols: 5
   dt: d
   data: [-0.414381, 0.383093, 0.001667, 0.003171, 0.000000]
R: !!opencv-matrix
   rows: 3
   cols: 3
   dt: d
   data: [0.999914, 0.001381, -0.013034, -0.001391, 0.999999, -0.000736, 0.013033, 0.000754, 0.999915]
T: !!opencv-matrix
   rows: 3
   cols: 1
   dt: d
   data: [-65.096088, 0.010728, 1.835601]
